  Activating project at `/Users/bence/code/QuantumFurnace.jl`
==============================================================================================================
qf-e4z.35 σ-sweep: structural mixing pattern across (n, β_phys)
Single seed=46;  n ∈ [3, 4, 5, 6, 7];  β_phys ∈ (0.25, 0.5, 1.0);  c ∈ (0.25, 0.5, 0.75, 1.0, 1.5, 2.0)
==============================================================================================================
[load] 94 cells from /Users/bence/code/QuantumFurnace.jl/scripts/output/sweep_qf_e4z_35_sigma_sweep_plot_summary_stats.bson

==============================================================================================================
STRUCTURAL METRIC = τ_mix · ‖L‖_HS  (HS-norm normalised)   (lower = better mixing per unit norm)
==============================================================================================================
n   β_phys | c=0.25    c=0.5     c=0.75    c=1.0     c=1.5     c=2.0     | c*     min      max/min  
--------------------------------------------------------------------------------------------------------------
3   0.25   | 17.81     16.41     14.93     13.28     9.76      6.579     | 2      6.579    2.707    
3   0.5    | 17.87     16.48     15.13     13.82     11.11     8.167     | 2      8.167    2.189    
3   1      | 17.96     16.6      15.24     13.95     11.66     9.701     | 2      9.701    1.852    
4   0.25   | 34.55     31.92     28.93     25.62     18.79     12.7      | 2      12.7     2.721    
4   0.5    | 34.62     32.1      29.61     27.03     21.39     15.59     | 2      15.59    2.221    
4   1      | 34.74     32.24     29.79     27.46     23.17     18.85     | 2      18.85    1.843    
5   0.25   | 36.11     33.31     30.12     26.67     19.55     13.21     | 2      13.21    2.735    
5   0.5    | 36.16     33.62     30.97     28.14     22.18     16.17     | 2      16.17    2.236    
5   1      | 36.23     33.71     31.26     28.9      24.14     19.36     | 2      19.36    1.872    
6   0.25   | 49.28     45.37     41.04     36.33     26.63     17.98     | 2      17.98    2.740    
6   0.5    | 49.36     45.91     42.18     38.28     30.2      22.02     | 2      22.02    2.242    
6   1      | 49.43     46.08     42.81     39.5      32.72     26.28     | 2      26.28    1.881    
7   0.25   | 52.83     48.61     43.97     38.92     28.51     19.26     | 2      19.26    2.744    
7   0.5    | 52.95     49.2      45.16     40.99     32.34     23.56     | 2      23.56    2.247    
7   1      | 53.01     49.48     45.94     42.27     34.97     28.15     | 2      28.15    1.884    

[τ_mix · ‖L‖_HS] c* (argmin) lookup table:
β_phys ↓ / n → | n=3    n=4    n=5    n=6    n=7   
------------------------------------------------------------
0.25         | 2.00   2.00   2.00   2.00   2.00  
0.5          | 2.00   2.00   2.00   2.00   2.00  
1            | 2.00   2.00   2.00   2.00   2.00  

==============================================================================================================
STRUCTURAL METRIC = τ_mix · ‖L‖_HS   (lower = better)
==============================================================================================================
n   β_phys | c=0.25    c=0.5     c=0.75    c=1.0     c=1.5     c=2.0     | c*     min      max/min  
--------------------------------------------------------------------------------------------------------------
3   0.25   | 15.04     15.64     18.1      20.6      23.58     26.15     | 0.25   15.04    1.739    
3   0.5    | 17.65     17.81     18.37     19.41     23.03     26.56     | 0.25   17.65    1.505    
3   1      | 18.7      18.98     19.7      20.93     25.02     31.74     | 0.25   18.7     1.697    
4   0.25   | 29.24     27.24     25.83     26.29     30.25     32.8      | 0.75   25.83    1.270    
4   0.5    | 47.19     43.86     40.75     38.18     34.99     35.26     | 1.5    34.99    1.349    
4   1      | 54.33     50.56     46.9      43.47     37.97     35.16     | 2      35.16    1.545    
5   0.25   | 31.27     29.11     28.39     30.99     36.28     39.08     | 0.75   28.39    1.377    
5   0.5    | 43.06     40.04     36.96     34.13     34.18     40.65     | 1      34.13    1.262    
5   1      | 45.48     42.32     39.25     36.33     32.86     38.85     | 1.5    32.86    1.384    
6   0.25   | 39.66     36.94     35.63     37.56     43.65     47.27     | 0.75   35.63    1.326    
6   0.5    | 68.91     64.26     59.77     56.14     52.15     54.54     | 1.5    52.15    1.321    
6   1      | 98.36     91.87     85.9      80.33     72.03     69.88     | 2      69.88    1.408    
7   0.25   | 45.56     42.45     40.81     42.13     47.53     50.9      | 0.75   40.81    1.247    
7   0.5    | 67.44     62.79     58.1      54.18     50.32     54.98     | 1.5    50.32    1.340    
7   1      | 73.17     68.4      63.64     58.8      50.35     50.12     | 2      50.12    1.460    

[τ_mix · ‖L‖_HS] c* (argmin) table:
β_phys ↓ / n → | n=3    n=4    n=5    n=6    n=7   
------------------------------------------------------------
0.25         | 0.25   0.75   0.75   0.75   0.75  
0.5          | 0.25   1.50   1.00   1.50   1.50  
1            | 0.25   2.00   1.50   2.00   2.00  

==============================================================================================================
STRUCTURAL METRIC = τ_mix · d_{1→1}   (lower = better)
==============================================================================================================
n   β_phys | c=0.25    c=0.5     c=0.75    c=1.0     c=1.5     c=2.0     | c*     min      max/min  
--------------------------------------------------------------------------------------------------------------
3   0.25   | 11.47     12.1      14.22     16.38     19.04     21.34     | 0.25   11.47    1.861    
3   0.5    | 13.49     13.83     14.51     15.6      19.15     22.65     | 0.25   13.49    1.679    
3   1      | 14.33     14.81     15.64     16.91     21.03     27.8      | 0.25   14.33    1.939    
4   0.25   | 22.31     21.12     20.31     20.9      24.39     26.67     | 0.75   20.31    1.313    
4   0.5    | 36.08     34.1      32.25     30.77     29.09     30.01     | 1.5    29.09    1.240    
4   1      | 41.63     39.46     37.27     35.21     32.06     30.87     | 2      30.87    1.348    
5   0.25   | 23.87     22.58     22.31     24.63     29.24     31.76     | 0.75   22.31    1.423    
5   0.5    | 32.92     31.15     29.28     27.51     28.4      34.58     | 1      27.51    1.257    
5   1      | 34.86     33.03     31.22     29.49     27.78     34.08     | 1.5    27.78    1.255    
6   0.25   | 30.29     28.65     28.01     29.85     35.19     38.42     | 0.75   28.01    1.372    
6   0.5    | 52.69     50.03     47.37     45.24     43.34     46.41     | 1.5    43.34    1.216    
6   1      | 75.36     71.72     68.38     65.27     60.89     61.28     | 1.5    60.89    1.238    
7   0.25   | 34.79     32.91     32.07     33.47     38.3      41.35     | 0.75   32.07    1.289    
7   0.5    | 51.56     48.89     46.02     43.65     41.79     46.75     | 1.5    41.79    1.234    
7   1      | 56.04     53.38     50.67     47.77     42.52     43.92     | 1.5    42.52    1.318    

[τ_mix · d_{1→1}] c* (argmin) table:
β_phys ↓ / n → | n=3    n=4    n=5    n=6    n=7   
------------------------------------------------------------
0.25         | 0.25   0.75   0.75   0.75   0.75  
0.5          | 0.25   1.50   1.00   1.50   1.50  
1            | 0.25   2.00   1.50   1.50   1.50  

==============================================================================================================
STRUCTURAL METRIC = τ_mix · gap_phys   (lower = better)
==============================================================================================================
n   β_phys | c=0.25    c=0.5     c=0.75    c=1.0     c=1.5     c=2.0     | c*     min      max/min  
--------------------------------------------------------------------------------------------------------------
3   0.25   | 5.903     6.054     5.999     5.958     5.953     6.238     | 0.25   5.903    1.057    
3   0.5    | 5.883     5.694     5.588     5.573     5.853     5.982     | 1      5.573    1.073    
3   1      | 5.864     5.666     5.552     5.504     5.501     5.519     | 1.5    5.501    1.066    
4   0.25   | 5.913     5.894     5.828     5.011     4.759     4.725     | 2      4.725    1.251    
4   0.5    | 6.654     6.643     6.627     6.607     5.732     4.864     | 2      4.864    1.368    
4   1      | 7.523     7.508     7.487     7.216     6.586     5.847     | 2      5.847    1.287    
5   0.25   | 6.095     6.12      5.47      5.035     4.965     4.969     | 1.5    4.965    1.233    
5   0.5    | 6.945     6.943     6.94      6.174     4.97      4.895     | 2      4.895    1.419    
5   1      | 7.664     6.961     6.048     5.187     3.953     3.87      | 2      3.87     1.980    
6   0.25   | 6.082     6.077     5.415     4.734     4.534     4.507     | 2      4.507    1.349    
6   0.5    | 6.832     6.828     6.814     6.784     5.25      4.456     | 2      4.456    1.533    
6   1      | 7.233     7.227     7.204     7.164     7.033     6.516     | 2      6.516    1.110    
7   0.25   | 6.248     6.249     5.493     4.744     4.471     4.428     | 2      4.428    1.411    
7   0.5    | 7.152     7.149     7.144     7.115     4.814     4.321     | 2      4.321    1.655    
7   1      | 8.024     8.006     6.992     6.038     4.442     3.682     | 2      3.682    2.179    

[τ_mix · gap_phys] c* (argmin) table:
β_phys ↓ / n → | n=3    n=4    n=5    n=6    n=7   
------------------------------------------------------------
0.25         | 0.25   2.00   1.50   2.00   2.00  
0.5          | 1.00   2.00   2.00   2.00   2.00  
1            | 1.50   2.00   2.00   2.00   2.00  

==============================================================================================================
STRUCTURAL METRIC = τ_mix   (lower = better)
==============================================================================================================
n   β_phys | c=0.25    c=0.5     c=0.75    c=1.0     c=1.5     c=2.0     | c*     min      max/min  
--------------------------------------------------------------------------------------------------------------
3   0.25   | 12.13     13.69     17.42     22.28     34.71     57.1      | 0.25   12.13    4.708    
3   0.5    | 14.18     15.53     17.45     20.17     29.77     46.71     | 0.25   14.18    3.294    
3   1      | 14.95     16.42     18.57     21.55     30.82     47        | 0.25   14.95    3.143    
4   0.25   | 23.51     23.7      24.8      28.5      44.71     71.74     | 0.25   23.51    3.052    
4   0.5    | 37.85     37.95     38.22     39.23     45.43     62.81     | 0.25   37.85    1.659    
4   1      | 43.43     43.56     43.73     43.95     45.52     51.8      | 0.25   43.43    1.193    
5   0.25   | 25.1      25.34     27.31     33.69     53.79     85.77     | 0.25   25.1     3.417    
5   0.5    | 34.51     34.52     34.59     35.16     44.66     72.86     | 0.25   34.51    2.111    
5   1      | 36.39     36.39     36.39     36.44     39.46     58.18     | 0.25   36.39    1.599    
6   0.25   | 31.8      32.17     34.31     40.85     64.78     103.9     | 0.25   31.8     3.266    
6   0.5    | 55.16     55.31     55.99     57.95     68.23     97.89     | 0.25   55.16    1.774    
6   1      | 78.63     78.78     79.29     80.37     87        105.1     | 0.25   78.63    1.336    
7   0.25   | 36.53     36.99     39.31     45.86     70.61     112       | 0.25   36.53    3.065    
7   0.5    | 53.95     54.06     54.5      55.99     65.9      98.83     | 0.25   53.95    1.832    
7   1      | 58.46     58.55     58.68     58.93     60.99     75.43     | 0.25   58.46    1.290    

[τ_mix] c* (argmin) table:
β_phys ↓ / n → | n=3    n=4    n=5    n=6    n=7   
------------------------------------------------------------
0.25         | 0.25   0.25   0.25   0.25   0.25  
0.5          | 0.25   0.25   0.25   0.25   0.25  
1            | 0.25   0.25   0.25   0.25   0.25  

==============================================================================================================
RELATIVE SPECTRAL GAP  gap/‖L‖_HS   (higher = better structural — slow mode is well separated)
==============================================================================================================
n   β_phys | c=0.25    c=0.5     c=0.75    c=1.0     c=1.5     c=2.0     | c*     max      max/min  
--------------------------------------------------------------------------------------------------------------
3   0.25   | 0.3926    0.3872    0.3314    0.2893    0.2525    0.2386    | 0.25   0.3926   1.646    
3   0.5    | 0.3334    0.3197    0.3042    0.2871    0.2542    0.2253    | 0.25   0.3334   1.480    
3   1      | 0.3136    0.2986    0.2818    0.263     0.2199    0.1739    | 0.25   0.3136   1.804    
4   0.25   | 0.2022    0.2164    0.2256    0.1906    0.1574    0.1441    | 0.75   0.2256   1.566    
4   0.5    | 0.141     0.1514    0.1626    0.173     0.1638    0.138     | 1      0.173    1.254    
4   1      | 0.1385    0.1485    0.1597    0.166     0.1734    0.1663    | 1.5    0.1734   1.253    
5   0.25   | 0.1949    0.2102    0.1927    0.1624    0.1369    0.1272    | 0.5    0.2102   1.653    
5   0.5    | 0.1613    0.1734    0.1878    0.1809    0.1454    0.1204    | 0.75   0.1878   1.559    
5   1      | 0.1685    0.1645    0.1541    0.1428    0.1203    0.09961   | 0.25   0.1685   1.692    
6   0.25   | 0.1533    0.1645    0.152     0.126     0.1039    0.09536   | 0.5    0.1645   1.725    
6   0.5    | 0.09915   0.1063    0.114     0.1208    0.1007    0.08169   | 1      0.1208   1.479    
6   1      | 0.07354   0.07867   0.08387   0.08918   0.09764   0.09325   | 1.5    0.09764  1.328    
7   0.25   | 0.1371    0.1472    0.1346    0.1126    0.09407   0.08698   | 0.5    0.1472   1.692    
7   0.5    | 0.106     0.1138    0.123     0.1313    0.09567   0.07859   | 1      0.1313   1.671    
7   1      | 0.1097    0.117     0.1099    0.1027    0.08822   0.07347   | 0.5    0.117    1.593    

Reading the c* tables:
  small c*    → SHARPER kernels give better structural mixing
  large c*    → WIDER kernels give better structural mixing
  c* in the middle → there is an interior optimum (tradeoff)
