=================================================================================================================
sweep           n   β       gap_old    gap_new    Δgap_rtol    τ_old        τ_new        Δτ_rtol     fit/gap_old 
=================================================================================================================
CKG sM ε=1e-3   3   10      2.2210e-01 2.2210e-01 4.00e-15     1.9694e+01   1.9615e+01   3.99e-03    1.2544      
CKG sM ε=1e-3   3   20      1.6385e-01 1.6385e-01 2.88e-15     3.1104e+01   3.1121e+01   5.31e-04    1.0236      
CKG sM ε=1e-3   3   5       2.1709e-01 2.1709e-01 1.28e-15     1.4271e+01   1.4291e+01   1.37e-03    0.4001      
CKG sM ε=1e-3   4   10      1.3665e-01 1.3665e-01 9.49e-14     3.1913e+01   3.1915e+01   4.19e-05    0.0250      
CKG sM ε=1e-3   4   20      1.4717e-01 1.4717e-01 4.90e-15     4.3744e+01   4.3123e+01   1.42e-02    1.0708      
CKG sM ε=1e-3   4   5       1.4317e-01 1.4317e-01 6.58e-13     2.1100e+01   2.1199e+01   4.70e-03    0.0345      
CKG sM ε=1e-3   5   10      1.2106e-01 1.2106e-01 1.75e-12     3.8057e+01   3.8076e+01   4.99e-04    0.6490      
CKG sM ε=1e-3   5   20      1.4882e-01 1.4882e-01 1.04e-11     3.7247e+01   4.2024e+01   1.28e-01    0.0113      
CKG sM ε=1e-3   5   5       1.2053e-01 1.2053e-01 6.01e-13     2.9192e+01   2.9134e+01   1.98e-03    0.8490      
CKG sM ε=1e-6   3   10      2.2210e-01 2.2210e-01 4.00e-15     5.1372e+01   4.9916e+01   2.83e-02    1.0388      
CKG sM ε=1e-6   3   20      1.6385e-01 1.6385e-01 2.88e-15     7.4270e+01   7.2959e+01   1.77e-02    1.0242      
CKG sM ε=1e-6   3   5       2.1709e-01 2.1709e-01 1.28e-15     4.5539e+01   4.5419e+01   2.63e-03    1.0211      
CKG sM ε=1e-6   4   10      1.3665e-01 1.3665e-01 9.49e-14     6.2225e+01   8.0770e+01   2.98e-01    0.7719      
CKG sM ε=1e-6   4   20      1.4717e-01 1.4717e-01 4.90e-15     8.9694e+01   8.9495e+01   2.22e-03    1.0426      
CKG sM ε=1e-6   4   5       1.4317e-01 1.4317e-01 6.58e-13     5.8960e+01   6.7937e+01   1.52e-01    0.9119      
CKG sM ε=1e-6   5   10      1.2106e-01 1.2106e-01 1.75e-12     8.7176e+01   9.4958e+01   8.93e-02    0.9974      
CKG sM ε=1e-6   5   20      1.4882e-01 1.4882e-01 1.04e-11     7.2461e+01   8.8305e+01   2.19e-01    1.0247      
CKG sM ε=1e-6   5   5       1.2053e-01 1.2053e-01 6.01e-13     8.2813e+01   8.6209e+01   4.10e-02    0.9887      
DLL M ε=1e-3    3   10      1.6921e-01 1.6921e-01 1.31e-15     2.3519e+01   2.3522e+01   1.23e-04    0.9908      
DLL M ε=1e-3    3   20      1.4228e-01 1.4228e-01 2.93e-15     3.5003e+01   3.4975e+01   7.90e-04    1.0455      
DLL M ε=1e-3    3   5       1.8970e-01 1.8970e-01 2.05e-15     1.5628e+01   1.5624e+01   2.36e-04    0.5876      
DLL M ε=1e-3    4   10      9.5324e-02 9.5324e-02 1.63e-13     4.0715e+01   4.0320e+01   9.70e-03    0.7066      
DLL M ε=1e-3    4   20      7.5006e-02 7.5006e-02 2.06e-13     6.4861e+01   6.5112e+01   3.87e-03    0.9508      
DLL M ε=1e-3    4   5       1.3227e-01 1.3227e-01 1.07e-12     2.2091e+01   2.2268e+01   8.04e-03    0.1964      
DLL M ε=1e-3    5   10      9.0437e-02 9.0437e-02 1.87e-12     4.8687e+01   4.8714e+01   5.52e-04    0.9584      
DLL M ε=1e-3    5   20      9.1925e-02 9.1925e-02 2.01e-11     6.2660e+01   5.9193e+01   5.53e-02    1.1448      
DLL M ε=1e-3    5   5       1.1316e-01 1.1316e-01 3.60e-12     3.0942e+01   3.0888e+01   1.77e-03    0.8838      
DLL M ε=1e-6    3   10      1.6921e-01 1.6921e-01 1.31e-15     5.7628e+01   6.3861e+01   1.08e-01    1.0051      
DLL M ε=1e-6    3   20      1.4228e-01 1.4228e-01 2.93e-15     8.4534e+01   8.3198e+01   1.58e-02    1.0227      
DLL M ε=1e-6    3   5       1.8970e-01 1.8970e-01 2.05e-15     4.5524e+01   5.1487e+01   1.31e-01    0.9579      
DLL M ε=1e-6    4   10      9.5324e-02 9.5324e-02 1.63e-13     9.7295e+01   1.1238e+02   1.55e-01    0.9654      
DLL M ε=1e-6    4   20      7.5006e-02 7.5006e-02 2.06e-13     1.5827e+02   1.5714e+02   7.12e-03    1.0059      
DLL M ε=1e-6    4   5       1.3227e-01 1.3227e-01 1.07e-12     7.0154e+01   7.3387e+01   4.61e-02    1.0033      
DLL M ε=1e-6    5   10      9.0437e-02 9.0437e-02 1.87e-12     1.2527e+02   1.2510e+02   1.39e-03    1.0008      
DLL M ε=1e-6    5   20      9.1925e-02 9.1925e-02 2.01e-11     1.2837e+02   1.3433e+02   4.64e-02    0.9913      
DLL M ε=1e-6    5   5       1.1316e-01 1.1316e-01 3.60e-12     8.2103e+01   9.1751e+01   1.18e-01    0.9735      
=================================================================================================================
36 cells; gap-parity (rtol 1e-4): 36 / 36
26 healthy cells — τ-parity within 5%: 18 / 26
10 biexp-broken cells — τ_new finite + positive: 10 / 10
=================================================================================================================
